Sexe
M      1649
F      1484
NSP       6
_______________________
Age
2a10        1559
1a2          617
Moinsde1     607
Plusde10     356
_______________________
Race
EUR      1020
NR        483
BEN       238
RAG       217
MCO       198
PER       192
SBI       192
BRI       166
Autre     135
NSP        79
SPH        76
ORI        58
CHA        31
TUV        28
SAV        26
_______________________
Logement
MI     998
ML     988
AAB    784
ASB    369
_______________________
Zone
R     1224
U     1099
PU     816
_______________________
Ext
0    1311
2     796
1     624
3     374
4      34
_______________________
Obs
2    1980
3     827
1     323
0       9
_______________________
Timide
1    1080
4     702
2     647
3     437
5     273
_______________________
Calme
4    1172
5     677
2     542
3     528
1     220
_______________________
Effrayé
1    1003
3     814
2     678
4     439
5     205
_______________________
Intelligent
5    1327
4    1263
3     350
2     136
1      63
_______________________
Vigilant
4    1212
5    1044
3     477
2     275
1     131
_______________________
Perséverant
4    1114
5    1044
3     610
2     255
1     116
_______________________
Affectueux
5    1500
4     992
3     352
2     212
1      83
_______________________
Amical
4    1048
5     733
3     522
2     505
1     331
_______________________
Solitaire
2    829
1    813
4    680
3    604
5    213
_______________________
Brutal
1    1745
2     604
3     436
4     273
5      81
_______________________
Dominant
1    1000
3     720
4     587
2     570
5     262
_______________________
Agressif
1    1165
3     865
2     570
4     368
5     171
_______________________
Impulsif
1    1008
3     687
2     674
4     585
5     185
_______________________
Prévisible
4    1275
3     785
5     428
2     374
1     277
_______________________
Distrait
4    894
3    890
2    558
1    430
5    367
_______________________
Abondance
3      1335
2       851
1       713
NSP     240
_______________________
PredOiseau
0    2274
1     496
2     196
3     116
4      57
_______________________
PredMamm
0    2147
1     404
2     208
4     196
3     184
_______________________
